Sistema A x = b

Matriz A (10 x 10):
[[0.38012339325235767, 0.8574481354239051, 0.9952168873680262, 0.27318060151412704, 0.46223837533615564, 0.4217373024803618, 0.556156725650747, 0.047462661264547346, 0.37847573617416963, 0.18454475230589618]
[0.007239201660964922, 0.7373232221086166, 0.9584977865760018, 0.0905495403041987, 0.34966507168617733, 0.4307427790731999, 0.20154047586115464, 0.7300295453615903, 0.8250103125978863, 0.379443218641094]
[0.16371423414206954, 0.29375652245622275, 0.6608856672227237, 0.08543041888919745, 0.19226624607630172, 0.777577608829714, 0.592901429165891, 0.06393396099747628, 0.5883903782129275, 0.2300927658022628]
[0.1907086360516791, 0.6067059550758158, 0.48485818266714653, 0.5736462610004203, 0.7868463403502897, 0.361183959804228, 0.4217604624737049, 0.7013422707698367, 0.9751436577553226, 0.5318579023634533]
[0.0570943743571356, 0.639439920258865, 0.09001658109526056, 0.3915386402148445, 0.7640984844479958, 0.16195923292056125, 0.5498134098697254, 0.18507452576699934, 0.43824393928572436, 0.934197802498698]
[0.4862469744691157, 0.5703677706296152, 0.7793165975630315, 0.013102009863998787, 0.9135194669506772, 0.7653301967021768, 0.9365039518684204, 0.42659968249250857, 0.1353096667058209, 0.5032461438692807]
[0.6747005168130372, 0.37827415968236944, 0.5297795801410923, 0.9219415034856594, 0.3204707613419664, 0.7438391161059648, 0.3887443709664644, 0.4410277662208537, 0.3992750755058041, 0.003122508739253793]
[0.2910654924652839, 0.12370107404660469, 0.7580884826798686, 0.21056331052662725, 0.9647033902668275, 0.4083498549350252, 0.038867206615304406, 0.4358233526675238, 0.00728528476488044, 0.12162511675861987]
[0.09854349321770883, 0.6975193617634053, 0.9904434469556387, 0.8187851732701754, 0.6809120586751201, 0.27384737564228145, 0.12641444341225871, 0.37302946742233056, 0.3058094444425816, 0.24260998246993049]
[0.9635710302970009, 0.19355319136226656, 0.9309309902147536, 0.9290992802119338, 0.14695663070416454, 0.5331047826429712, 0.951445528817657, 0.21276662203374797, 0.5762395624988865, 0.8514673257240775]]

Vetor b:
[0.09605339782339373, 0.9361250171277993, 0.8245450130696619, 0.09574389479948264, 0.43721279014780323, 0.3308844530354943, 0.5482489452699782, 0.152224138021277, 0.07402996228619763, 0.15811241135411236]

Configurações dos métodos iterativos:
Tolerância t: 0.001
Número máximo de iterações o: 20
